Duplicate columns: []

--- Cox Proportional Hazards Model ---
                        coef  exp(coef)  se(coef)  coef lower 95%  coef upper 95%  exp(coef) lower 95%  exp(coef) upper 95%  cmp to         z             p   -log2(p)
covariate                                                                                                                                                             
PatientAge         -0.010416   0.989638  0.003781       -0.017827       -0.003005             0.982331             0.997000     0.0 -2.754671  5.875112e-03   7.411168
PatientGender       0.002231   1.002233  0.118835       -0.230680        0.235143             0.793993             1.265089     0.0  0.018774  9.850213e-01   0.021773
parentbreak        -0.068602   0.933698  0.066544       -0.199025        0.061822             0.819529             1.063772     0.0 -1.030929  3.025741e-01   1.724640
alcohol             0.104007   1.109608  0.149169       -0.188360        0.396373             0.828317             1.486424     0.0  0.697240  4.856524e-01   1.042004
arthritis          -0.126265   0.881381  0.087191       -0.297156        0.044626             0.742928             1.045637     0.0 -1.448146  1.475763e-01   2.760467
diabetes            0.044565   1.045572  0.099982       -0.151397        0.240526             0.859506             1.271919     0.0  0.445724  6.557963e-01   0.608680
oralster            0.113994   1.120746  0.065370       -0.014129        0.242118             0.985970             1.273944     0.0  1.743823  8.118998e-02   3.622554
smoke              -0.064050   0.937958  0.101026       -0.262057        0.133956             0.769467             1.143343     0.0 -0.634000  5.260805e-01   0.926645
ptunsteady         -0.032740   0.967790  0.077878       -0.185377        0.119898             0.830791             1.127382     0.0 -0.420400  6.741934e-01   0.568766
obreak_hip          0.516447   1.676061  0.102394        0.315758        0.717135             1.371299             2.048555     0.0  5.043727  4.565506e-07  21.062722
marital            -0.029377   0.971050  0.016998       -0.062692        0.003937             0.939233             1.003945     0.0 -1.728317  8.393146e-02   3.574645
whereliv            0.033447   1.034013  0.031363       -0.028022        0.094917             0.972367             1.099567     0.0  1.066465  2.862137e-01   1.804835
ptfall              0.424306   1.528529  0.072768        0.281683        0.566929             1.325358             1.762845     0.0  5.830931  5.511895e-09  27.434804
obreak_frac_count   0.054615   1.056134  0.056858       -0.056825        0.166055             0.944760             1.180638     0.0  0.960555  3.367757e-01   1.570140
specialistReferral -0.014031   0.986067  0.015863       -0.045122        0.017061             0.955881             1.017207     0.0 -0.884464  3.764458e-01   1.409486
fpp_info            0.009791   1.009839  0.025843       -0.040860        0.060442             0.959964             1.062306     0.0  0.378874  7.047817e-01   0.504752
obreak_spine        0.349694   1.418633  0.152728        0.050353        0.649034             1.051642             1.913692     0.0  2.289653  2.204147e-02   5.503636
obreak_pelvis       0.685488   1.984740  0.205103        0.283493        1.087482             1.327760             2.966795     0.0  3.342162  8.312845e-04  10.232370

--- Kaplan-Meier Estimator ---
          KM_estimate
timeline             
0.0           0.99000
1.0           0.98875
3.0           0.98750
6.0           0.98625
8.0           0.98500
12.0          0.98375
14.0          0.98000
19.0          0.97875
27.0          0.97750
30.0          0.97375
31.0          0.97250
35.0          0.97125
37.0          0.97000
41.0          0.96875
43.0          0.96750
44.0          0.96625
50.0          0.96500
51.0          0.96250
55.0          0.96125
59.0          0.95875
61.0          0.95750
64.0          0.95625
69.0          0.95500
76.0          0.95375
78.0          0.95250
79.0          0.95125
87.0          0.94875
89.0          0.94750
90.0          0.94625
91.0          0.94375
92.0          0.94000
93.0          0.93875
107.0         0.93625
110.0         0.93500
112.0         0.93375
113.0         0.93250
118.0         0.93125
123.0         0.93000
124.0         0.92875
129.0         0.92750
148.0         0.92625
149.0         0.92375
151.0         0.92250
152.0         0.92125
166.0         0.92000
170.0         0.91750
173.0         0.91625
174.0         0.91500
177.0         0.91375
183.0         0.91250
197.0         0.91125
204.0         0.91000
206.0         0.90875
210.0         0.90750
217.0         0.90625
219.0         0.90500
226.0         0.90375
231.0         0.90250
239.0         0.90125
249.0         0.90000
251.0         0.89750
256.0         0.89625
261.0         0.89500
277.0         0.89375
280.0         0.89125
288.0         0.89000
295.0         0.88875
298.0         0.88750
300.0         0.88625
302.0         0.88500
303.0         0.88375
309.0         0.88250
314.0         0.88125
319.0         0.87875
329.0         0.87750
332.0         0.87625
337.0         0.87125
341.0         0.87000
346.0         0.86875
347.0         0.86750
349.0         0.86625
351.0         0.86375
358.0         0.86250
364.0         0.86000
365.0         0.85875
366.0         0.85625
374.0         0.85500
377.0         0.85375
378.0         0.85250
379.0         0.85125
389.0         0.85000
392.0         0.84875
396.0         0.84750
401.0         0.84625
404.0         0.84375
408.0         0.84250
410.0         0.84125
418.0         0.84000
424.0         0.83875
430.0         0.83750
436.0         0.83625
437.0         0.83500
439.0         0.83375
449.0         0.83250
453.0         0.83125
456.0         0.83000
457.0         0.82875
483.0         0.82750
489.0         0.82625
498.0         0.82500
500.0         0.82375
506.0         0.82250
517.0         0.82125
518.0         0.81875
524.0         0.81750
525.0         0.81500
532.0         0.81375
537.0         0.81250
550.0         0.81125
553.0         0.81000
555.0         0.80875
559.0         0.80750
563.0         0.80625
566.0         0.80500
571.0         0.80375
579.0         0.80125
582.0         0.80000
584.0         0.79875
592.0         0.79750
598.0         0.79500
601.0         0.79375
604.0         0.79250
607.0         0.79000
611.0         0.78875
613.0         0.78625
619.0         0.78375
628.0         0.78250
633.0         0.78125
637.0         0.77875
638.0         0.77750
640.0         0.77625
652.0         0.77500
653.0         0.77375
657.0         0.77250
659.0         0.77125
665.0         0.77000
669.0         0.76875
683.0         0.76750
688.0         0.76625
689.0         0.76500
702.0         0.76250
705.0         0.76125
709.0         0.76000
710.0         0.75750
714.0         0.75625
716.0         0.75500
719.0         0.75375
728.0         0.75250
731.0         0.75125
739.0         0.75000
756.0         0.74875
765.0         0.74750
770.0         0.74625
772.0         0.74500
775.0         0.74375
785.0         0.74250
788.0         0.74125
789.0         0.74000
792.0         0.73875
804.0         0.73750
816.0         0.73625
823.0         0.73500
837.0         0.73250
849.0         0.73125
851.0         0.73000
853.0         0.72875
858.0         0.72750
863.0         0.72625
865.0         0.72500
866.0         0.72375
880.0         0.72250
886.0         0.72125
887.0         0.72000
889.0         0.71875
898.0         0.71625
901.0         0.71500
904.0         0.71250
908.0         0.71125
909.0         0.71000
910.0         0.70875
913.0         0.70750
924.0         0.70625
929.0         0.70500
930.0         0.70375
935.0         0.70125
936.0         0.70000
939.0         0.69875
941.0         0.69750
946.0         0.69625
948.0         0.69375
950.0         0.69250
952.0         0.69125
962.0         0.69000
965.0         0.68875
989.0         0.68750
993.0         0.68625
997.0         0.68500
998.0         0.68375
1001.0        0.68250
1004.0        0.68125
1005.0        0.68000
1006.0        0.67875
1022.0        0.67750
1024.0        0.67625
1029.0        0.67500
1030.0        0.67375
1032.0        0.67250
1040.0        0.67125
1044.0        0.67000
1045.0        0.66750
1049.0        0.66625
1050.0        0.66500
1052.0        0.66375
1053.0        0.66250
1059.0        0.66000
1072.0        0.65875
1083.0        0.65750
1085.0        0.65500
1088.0        0.65375
1089.0        0.65250
1094.0        0.65125
1096.0        0.65000
1099.0        0.64875
1100.0        0.64750
1110.0        0.64625
1114.0        0.64500
1119.0        0.64375
1123.0        0.64250
1135.0        0.64125
1142.0        0.64000
1144.0        0.63875
1152.0        0.63750
1154.0        0.63625
1157.0        0.63500
1163.0        0.63375
1174.0        0.63250
1195.0        0.63000
1199.0        0.62875
1200.0        0.62750
1201.0        0.62625
1202.0        0.62500
1206.0        0.62375
1215.0        0.62125
1216.0        0.62000
1221.0        0.61875
1227.0        0.61750
1237.0        0.61625
1244.0        0.61500
1263.0        0.61375
1268.0        0.61250
1269.0        0.61125
1271.0        0.61000
1274.0        0.60875
1279.0        0.60750
1283.0        0.60625
1294.0        0.60500
1300.0        0.60375
1316.0        0.60250
1330.0        0.60125
1333.0        0.60000
1340.0        0.59875
1370.0        0.59750
1382.0        0.59625
1384.0        0.59500
1390.0        0.59375
1391.0        0.59250
1393.0        0.59125
1395.0        0.59000
1402.0        0.58875
1411.0        0.58750
1413.0        0.58625
1418.0        0.58500
1435.0        0.58375
1436.0        0.58250
1443.0        0.58000
1446.0        0.57875
1451.0        0.57750
1452.0        0.57625
1453.0        0.57375
1457.0        0.57250
1458.0        0.57125
1461.0        0.56875
1477.0        0.56750
1499.0        0.56625
1514.0        0.56500
1535.0        0.56375
1545.0        0.56250
1561.0        0.56125
1562.0        0.56000
1567.0        0.55875
1578.0        0.55625
1595.0        0.55500
1602.0        0.55375
1604.0        0.55250
1605.0        0.55125
1635.0        0.55000
1640.0        0.54875
1642.0        0.54750
1661.0        0.54500
1680.0        0.54375
1692.0        0.54250
1703.0        0.54125
1706.0        0.54000
1709.0        0.53875
1717.0        0.53750
1734.0        0.53625
1738.0        0.53500
1745.0        0.53375
1754.0        0.53250
1756.0        0.53125
1758.0        0.53000
1761.0        0.52875
1766.0        0.52750
1772.0        0.52625
1784.0        0.52500
1790.0        0.52375
1795.0        0.52250
1805.0        0.52125
1808.0        0.52000
1814.0        0.51875
1816.0        0.51750
1817.0        0.51625
1818.0        0.51500
1824.0        0.51375
1825.0        0.51250
1827.0        0.51125
1831.0        0.51000
1834.0        0.50875
1837.0        0.50750
1854.0        0.50625
1858.0        0.50500
1863.0        0.50375
1865.0        0.50250
1871.0        0.50125
1872.0        0.50000
1873.0        0.49875
1887.0        0.49750
1891.0        0.49625
1912.0        0.49500
1918.0        0.49375
1927.0        0.49250
1928.0        0.49125
1936.0        0.49000
1943.0        0.48875
1954.0        0.48625
1958.0        0.48500
1992.0        0.48375
1995.0        0.48250
1999.0        0.48125
2003.0        0.48000
2007.0        0.47875
2020.0        0.47750
2022.0        0.47625
2046.0        0.47500
2052.0        0.47375
2070.0        0.47250
2087.0        0.47125
2092.0        0.47000
2106.0        0.46875
2114.0        0.46750
2125.0        0.46625
2129.0        0.46500
2132.0        0.46375
2145.0        0.46250
2146.0        0.46125
2147.0        0.46000
2151.0        0.45875
2157.0        0.45750
2161.0        0.45625
2176.0        0.45500
2184.0        0.45375
2192.0        0.45250
2207.0        0.45125
2240.0        0.45000
2261.0        0.44875
2265.0        0.44750
2273.0        0.44625
2298.0        0.44500
2307.0        0.44375
2315.0        0.44250
2320.0        0.44125
2328.0        0.44000
2333.0        0.43875
2360.0        0.43750
2365.0        0.43625
2366.0        0.43500
2385.0        0.43375
2410.0        0.43250
2413.0        0.43125
2420.0        0.43000
2426.0        0.42875
2427.0        0.42750
2436.0        0.42625
2449.0        0.42500
2459.0        0.42375
2466.0        0.42125
2473.0        0.42000
2474.0        0.41875
2491.0        0.41750
2499.0        0.41625
2501.0        0.41500
2513.0        0.41375
2518.0        0.41250
2529.0        0.41125
2530.0        0.41000
2531.0        0.40875
2534.0        0.40750
2535.0        0.40625
2539.0        0.40500
2542.0        0.40375
2555.0        0.40250
2557.0        0.40125
2568.0        0.40000
2571.0        0.39875
2582.0        0.39750
2611.0        0.39625
2624.0        0.39500
2641.0        0.39375
2648.0        0.39250
2676.0        0.39125
2692.0        0.39000
2699.0        0.38875
2703.0        0.38750
2724.0        0.38625
2741.0        0.38500
2744.0        0.38375
2745.0        0.38250
2747.0        0.38125
2754.0        0.38000
2756.0        0.37875
2766.0        0.37750
2776.0        0.37500
2788.0        0.37375
2792.0        0.37250
2795.0        0.37125
2800.0        0.37000
2809.0        0.36875
2839.0        0.36750
2846.0        0.36625
2860.0        0.36500
2861.0        0.36375
2869.0        0.36250
2876.0        0.36125
2878.0        0.36000
2894.0        0.35875
2911.0        0.35750
2918.0        0.35625
2958.0        0.35500
2972.0        0.35375
2976.0        0.35250
2991.0        0.35125
3003.0        0.35000
3018.0        0.34875
3032.0        0.34750
3046.0        0.34625
3052.0        0.34500
3063.0        0.34375
3083.0        0.34250
3096.0        0.34125
3104.0        0.34000
3105.0        0.33875
3118.0        0.33750
3124.0        0.33625
3179.0        0.33500
3183.0        0.33250
3193.0        0.33125
3228.0        0.33000
3239.0        0.32875
3274.0        0.32750
3278.0        0.32625
3281.0        0.32500
3304.0        0.32375
3309.0        0.32250
3321.0        0.32125
3324.0        0.32000
3356.0        0.31875
3434.0        0.31750
3459.0        0.31625
3460.0        0.31500
3467.0        0.31375
3485.0        0.31250
3508.0        0.31125
3510.0        0.31000
3519.0        0.30875
3544.0        0.30750
3553.0        0.30500
3560.0        0.30375
3573.0        0.30250
3580.0        0.30125
3594.0        0.30000
3607.0        0.29750
3609.0        0.29625
3610.0        0.29500
3611.0        0.29375
3615.0        0.29250
3624.0        0.29125
3629.0        0.29000
3631.0        0.28875
3638.0        0.28500
3640.0        0.28375
3641.0        0.28250
3642.0        0.28125
3643.0        0.28000
3645.0        0.27875
3647.0        0.27625
3653.0        0.27500
3658.0        0.27375
3660.0        0.27250
3661.0        0.27125
3665.0        0.26875
3674.0        0.26750
3675.0        0.26625
3676.0        0.26500
3689.0        0.26375
3701.0        0.26250
3710.0        0.26125
3727.0        0.26000
3736.0        0.25875
3765.0        0.25750
3778.0        0.25625
3784.0        0.25500
3789.0        0.25375
3806.0        0.25250
3808.0        0.25125
3855.0        0.25000
3865.0        0.24875
3870.0        0.24750
3900.0        0.24625
3918.0        0.24375
3937.0        0.24250
3985.0        0.24125
3987.0        0.24000
3995.0        0.23875
3996.0        0.23750
4010.0        0.23625
4021.0        0.23500
4058.0        0.23375
4066.0        0.23250
4095.0        0.23125
4144.0        0.23000
4165.0        0.22875
4176.0        0.22750
4183.0        0.22625
4194.0        0.22500
4203.0        0.22375
4227.0        0.22250
4243.0        0.22125
4244.0        0.22000
4276.0        0.21875
4284.0        0.21750
4351.0        0.21625
4353.0        0.21500
4354.0        0.21375
4357.0        0.21250
4369.0        0.21125
4451.0        0.21000
4494.0        0.20875
4502.0        0.20750
4521.0        0.20625
4523.0        0.20500
4530.0        0.20375
4574.0        0.20250
4625.0        0.20125
4634.0        0.20000
4639.0        0.19875
4658.0        0.19750
4682.0        0.19625
4715.0        0.19500
4718.0        0.19375
4728.0        0.19250
4772.0        0.19125
4813.0        0.19000
4890.0        0.18875
4947.0        0.18750
4972.0        0.18625
5032.0        0.18500
5100.0        0.18375
5108.0        0.18250
5109.0        0.18125
5111.0        0.18000
5117.0        0.17875
5157.0        0.17750
5163.0        0.17625
5190.0        0.17500
5380.0        0.17250
5400.0        0.17125
5404.0        0.17000
5408.0        0.16875
5415.0        0.16750
5435.0        0.16625
5436.0        0.16500
5457.0        0.16375
5463.0        0.16250
5474.0        0.16125
5479.0        0.16000
5482.0        0.15875
5490.0        0.15625
5510.0        0.15500
5535.0        0.15375
5554.0        0.15250
5556.0        0.15125
5558.0        0.15000
5598.0        0.14875
5601.0        0.14750
5636.0        0.14625
5645.0        0.14500
5679.0        0.14375
5697.0        0.14250
5762.0        0.14125
5782.0        0.14000
5812.0        0.13875
5819.0        0.13750
5840.0        0.13625
5852.0        0.13500
5863.0        0.13375
5877.0        0.13250
5887.0        0.13125
5936.0        0.13000
6027.0        0.12875
6047.0        0.12750
6139.0        0.12625
6143.0        0.12500
6146.0        0.12375
6244.0        0.12250
6298.0        0.12125
6375.0        0.12000
6455.0        0.11875
6530.0        0.11750
6572.0        0.11625
6758.0        0.11500
6910.0        0.11375
6919.0        0.11250
6931.0        0.11125
6940.0        0.11000
6997.0        0.10875
7114.0        0.10750
7129.0        0.10625
7256.0        0.10500
7262.0        0.10250
7290.0        0.10000
7291.0        0.09875
7298.0        0.09750
7335.0        0.09625
7354.0        0.09500
7426.0        0.09375
7449.0        0.09250
7498.0        0.09125
7516.0        0.09000
7555.0        0.08875
7666.0        0.08750
7688.0        0.08625
7697.0        0.08500
7709.0        0.08375
7710.0        0.08250
7728.0        0.08125
7856.0        0.08000
7870.0        0.07875
7900.0        0.07750
7903.0        0.07625
7906.0        0.07500
7932.0        0.07375
7944.0        0.07250
7948.0        0.07125
7969.0        0.07000
8013.0        0.06875
8016.0        0.06750
8020.0        0.06625
8024.0        0.06500
8025.0        0.06375
8095.0        0.06250
8103.0        0.06125
8201.0        0.06000
8208.0        0.05875
8233.0        0.05750
8261.0        0.05625
8283.0        0.05500
8302.0        0.05375
8400.0        0.05250
8759.0        0.05125
8811.0        0.05000
8823.0        0.04875
9117.0        0.04750
9135.0        0.04625
9334.0        0.04500
9448.0        0.04375
9470.0        0.04250
9489.0        0.04125
9501.0        0.04000
9695.0        0.03875
9793.0        0.03750
9943.0        0.03625
10368.0       0.03500
10442.0       0.03375
10547.0       0.03250
10682.0       0.03125
10723.0       0.03000
10916.0       0.02875
11003.0       0.02750
11399.0       0.02625
11439.0       0.02500
11589.0       0.02375
11646.0       0.02250
11655.0       0.02125
11697.0       0.02000
11746.0       0.01875
12148.0       0.01750
12681.0       0.01625
13374.0       0.01500
14099.0       0.01375
14573.0       0.01250
14654.0       0.01125
14791.0       0.01000
14867.0       0.00875
15376.0       0.00750
15455.0       0.00625
15669.0       0.00500
16352.0       0.00375
16483.0       0.00250
17289.0       0.00125
17689.0       0.00000

--- Accelerated Failure Time Model ---
                                coef    exp(coef)  se(coef)  coef lower 95%  coef upper 95%  exp(coef) lower 95%  exp(coef) upper 95%  cmp to          z              p    -log2(p)
param   covariate                                                                                                                                                                  
lambda_ PatientAge          0.009917     1.009966  0.004030        0.002018        0.017815             1.002020             1.017975     0.0   2.460800   1.386278e-02    6.172640
        PatientGender      -0.000415     0.999585  0.127517       -0.250344        0.249513             0.778533             1.283401     0.0  -0.003257   9.974011e-01    0.003754
        alcohol            -0.099487     0.905301  0.159371       -0.411848        0.212873             0.662425             1.237228     0.0  -0.624252   5.324621e-01    0.909249
        arthritis           0.111032     1.117431  0.093297       -0.071827        0.293891             0.930692             1.341638     0.0   1.190094   2.340093e-01    2.095362
        diabetes           -0.040797     0.960024  0.107531       -0.251554        0.169960             0.777591             1.185258     0.0  -0.379397   7.043933e-01    0.505547
        fpp_info           -0.011598     0.988469  0.027767       -0.066020        0.042823             0.936112             1.043753     0.0  -0.417712   6.761578e-01    0.564568
        marital             0.029247     1.029679  0.018358       -0.006735        0.065228             0.993288             1.067403     0.0   1.593104   1.111368e-01    3.169592
        obreak_frac_count  -0.059288     0.942436  0.060981       -0.178809        0.060234             0.836266             1.062085     0.0  -0.972224   3.309392e-01    1.595362
        obreak_hip         -0.548101     0.578046  0.108997       -0.761732       -0.334470             0.466857             0.715717     0.0  -5.028574   4.941401e-07   20.948576
        obreak_pelvis      -0.700272     0.496450  0.219881       -1.131232       -0.269313             0.322636             0.763904     0.0  -3.184776   1.448663e-03    9.431062
        obreak_spine       -0.369678     0.690957  0.164282       -0.691665       -0.047691             0.500742             0.953428     0.0  -2.250264   2.443222e-02    5.355071
        oralster           -0.110232     0.895627  0.070317       -0.248050        0.027587             0.780321             1.027971     0.0  -1.567645   1.169641e-01    3.095862
        parentbreak         0.073390     1.076150  0.071436       -0.066621        0.213402             0.935549             1.237882     0.0   1.027358   3.042518e-01    1.716663
        ptfall             -0.455830     0.633922  0.078204       -0.609106       -0.302553             0.543837             0.738929     0.0  -5.828733   5.584977e-09   27.415801
        ptunsteady          0.035423     1.036057  0.083485       -0.128204        0.199049             0.879674             1.220242     0.0   0.424300   6.713472e-01    0.574869
        smoke               0.056712     1.058351  0.108335       -0.155620        0.269045             0.855885             1.308714     0.0   0.523493   6.006315e-01    0.735448
        specialistReferral  0.013780     1.013875  0.017047       -0.019631        0.047191             0.980560             1.048323     0.0   0.808367   4.188794e-01    1.255393
        whereliv           -0.036578     0.964083  0.033895       -0.103011        0.029855             0.902117             1.030305     0.0  -1.079164   2.805147e-01    1.833852
        Intercept           7.425264  1677.842238  0.346938        6.745279        8.105249           850.035871          3311.806799     0.0  21.402300  1.271770e-101  335.167900
rho_    Intercept          -0.076958     0.925929  0.027987       -0.131812       -0.022104             0.876506             0.978138     0.0  -2.749775   5.963621e-03    7.389596
